80
81
196
248
244
206
232
179
187
104
183
121
62
237
251
243
72
145
190
175
12
113
211
152
67
111
109
95
19
33
194
214
239
120
57
29
31
70
73
129
22
8
225
58
26
79
41
105
98
53
144
148
224
182
122
124
164
119
3
85
222
252
223
171
219
199
137
162
246
191
40
195
37
42
74
94
128
82
233
112
130
242
86
39
93
18
216
236
64
0
48
149
100
238
168
2
14
172
7
253
188
65
49
68
21
146
234
131
226
202
174
50
197
228
51
204
110
221
88
155
32
103
92
212
247
215
143
28
10
45
230
189
135
151
75
56
101
9
241
69
205
17
96
254
180
192
167
153
134
25
1
210
235
117
99
43
20
35
125
139
138
66
207
176
47
118
185
220
52
60
6
163
200
126
186
181
141
159
89
11
71
54
114
4
106
240
97
161
169
13
107
132
27
156
245
140
227
38
91
160
217
78
76
154
231
15
127
255
23
116
84
213
83
16
87
123
77
5
136
46
203
44
201
108
59
115
55
178
150
177
34
142
63
173
157
133
30
170
218
209
229
36
208
165
250
102
184
24
249
166
61
158
198
90
193
147
